# utm_east, utm_north, elevation
597338.685,7506789.948,440.59991
597346.080,7506792.950,440.72708
597353.475,7506795.951,441.07169
597360.869,7506798.956,441.29471
597368.225,7506802.051,441.49847
597375.581,7506805.147,441.91309
597382.935,7506808.247,442.19604
597390.256,7506811.427,442.28629
597397.576,7506814.606,442.33990
597404.896,7506817.787,442.44891
597412.208,7506820.986,442.40765
597419.519,7506824.185,442.42233
597426.831,7506827.384,442.51831
597434.085,7506830.712,442.45557
597441.336,7506834.046,442.51437
597448.587,7506837.381,442.55707
597455.574,7506841.239,442.43060
597462.558,7506845.101,442.22501
597469.538,7506848.970,442.18872
597476.382,7506853.076,441.96704
597483.226,7506857.182,441.78403
597490.055,7506861.310,441.61981
597496.623,7506865.845,441.46979
597503.190,7506870.380,441.25531
597509.752,7506874.922,441.05942
597516.186,7506879.645,440.83871
597522.620,7506884.367,440.51535
597529.042,7506889.104,440.31842
597534.920,7506894.503,440.06152
597540.798,7506899.901,439.84586
597546.676,7506905.300,439.67508
597552.194,7506911.037,439.39600
597557.220,7506917.237,438.99387
597562.245,7506923.437,438.67975
597567.288,7506929.623,438.32529
597572.330,7506935.810,437.81519
597577.370,7506941.998,437.39673
597581.845,7506948.606,437.18756
597586.320,7506955.214,436.93060
597590.795,7506961.823,436.77917
597595.082,7506968.555,436.51752
597599.366,7506975.288,436.19852
597603.651,7506982.022,435.93997
597607.337,7506989.098,435.62610
597610.969,7506996.204,435.38785
597614.601,7507003.311,435.10107
597617.931,7507010.564,434.87732
597621.241,7507017.826,434.70108
597624.549,7507025.089,434.39392
597627.272,7507032.591,434.23279
597629.996,7507040.093,434.01031
597632.719,7507047.595,433.81046
597635.177,7507055.187,433.64008
597637.623,7507062.784,433.49609
597640.069,7507070.381,433.23694
597642.139,7507078.089,433.02246
597644.185,7507085.803,432.91879
597646.232,7507093.517,432.76141
597647.530,7507101.390,432.60181
597648.791,7507109.271,432.38602
597650.053,7507117.151,432.14755
597650.681,7507125.102,432.00708
597651.179,7507133.068,431.81732
597651.677,7507141.033,431.57568
597652.118,7507149.002,431.29111
597652.551,7507156.971,431.04898
597652.983,7507164.940,430.83392
597653.578,7507172.899,430.70813
597654.194,7507180.856,430.47601
597654.811,7507188.813,430.18103
597655.153,7507196.786,429.98914
597655.460,7507204.761,429.94250
597655.767,7507212.737,429.83365
597656.296,7507220.700,429.66766
597656.856,7507228.661,429.57022
597657.415,7507236.622,429.46704
597658.239,7507244.560,429.40640
597659.087,7507252.496,429.23483
597659.935,7507260.432,428.97910
597660.582,7507268.386,428.93890
597661.199,7507276.343,429.13071
597661.816,7507284.300,429.33145
597662.561,7507292.247,429.44601
597663.323,7507300.191,429.65594
597664.086,7507308.135,430.02335
597664.631,7507316.098,430.31677
597665.169,7507324.061,430.48141
597665.708,7507332.023,430.69858
597666.367,7507339.977,430.99686
597667.040,7507347.930,431.48410
597667.713,7507355.882,431.89240
597668.235,7507363.846,432.17276
597668.737,7507371.811,432.35349
597669.239,7507379.776,432.67715
597669.558,7507387.751,433.05521
597669.865,7507395.726,433.40436
597670.172,7507403.701,433.73676
597670.891,7507411.649,434.07919
597671.641,7507419.594,434.32596
597672.392,7507427.540,434.68942
597672.821,7507435.509,434.96722
597673.244,7507443.479,435.28220
597673.667,7507451.449,435.71173
597674.398,7507459.396,436.18951
597675.155,7507467.341,436.66241
597675.911,7507475.286,436.94485
597676.938,7507483.201,437.37872
597677.965,7507491.115,437.90829
597678.992,7507499.030,438.41635
597680.506,7507506.865,438.77454
597682.049,7507514.695,438.96417
597683.591,7507522.526,439.30618
597683.897,7507530.482,439.69778
597683.959,7507538.463,440.07108
597684.021,7507546.444,440.40787
597684.411,7507554.414,440.71545
597684.857,7507562.382,440.91714
597685.303,7507570.351,441.20554
597685.854,7507578.313,441.44101
597686.410,7507586.274,441.62598
597686.965,7507594.236,441.92319
597687.465,7507602.201,442.21408
597687.962,7507610.167,442.36258
597688.456,7507618.132,442.53000
597688.046,7507626.103,442.68542
597687.637,7507634.073,442.90085
597687.228,7507642.044,443.12195
597687.152,7507650.024,443.13748
597687.093,7507658.005,442.98279
597687.035,7507665.986,442.89822
597686.425,7507673.942,442.81931
597685.777,7507681.897,442.75031
597685.129,7507689.851,442.62604
597684.169,7507697.774,442.53119
597683.194,7507705.695,442.48999
597682.142,7507713.602,442.44614
597680.129,7507721.325,442.34274
597678.117,7507729.048,442.11438
597676.105,7507736.771,441.92377
597674.005,7507744.471,441.84503
597671.891,7507752.167,441.73053
597669.776,7507759.862,441.59296
597667.430,7507767.490,441.44925
597665.046,7507775.107,441.35043
597662.663,7507782.724,441.24179
597659.872,7507790.199,441.12732
597657.003,7507797.646,440.96161
597654.134,7507805.093,440.65274
597651.564,7507812.649,440.34280
597649.006,7507820.209,440.09076
597646.448,7507827.769,439.71448
597643.828,7507835.308,439.36264
597641.200,7507842.844,439.10806
597638.571,7507850.379,438.78638
597635.910,7507857.904,438.48105
597633.245,7507865.426,438.09634
597630.579,7507872.949,437.74564
597627.947,7507880.484,437.27002
597625.318,7507888.019,436.84232
597622.690,7507895.555,436.56519
597620.251,7507903.154,436.24551
597617.834,7507910.760,435.87271
597615.416,7507918.366,435.54739
597612.851,7507925.923,435.14874
597610.273,7507933.477,434.85193
597607.695,7507941.030,434.68689
597604.633,7507948.400,434.40982
597601.567,7507955.769,434.16229
597598.501,7507963.137,433.98273
597596.078,7507970.730,433.80905
597593.894,7507978.406,433.73251
597591.710,7507986.083,433.61615
597589.346,7507993.705,433.48737
597586.965,7508001.323,433.21759
597584.585,7508008.941,432.91589
597582.356,7508016.604,432.81113
597580.132,7508024.269,432.77957
597577.909,7508031.934,432.66412
597575.240,7508039.455,432.53238
597572.554,7508046.971,432.50986
597569.869,7508054.486,432.53799
597567.370,7508062.066,432.58221
597564.882,7508069.649,432.60486
597562.394,7508077.232,432.56403
597559.640,7508084.723,432.58755
597556.884,7508092.213,432.73596
597554.136,7508099.706,432.99017
597551.505,7508107.241,433.21371
597548.873,7508114.776,433.36679
597546.276,7508122.322,433.64236
597543.902,7508129.942,433.96945
597541.528,7508137.561,434.38501
597539.154,7508145.181,434.63168
597537.294,7508152.941,434.90894
597535.456,7508160.708,435.24921
597533.619,7508168.474,435.71591
597531.881,7508176.264,435.99463
597530.143,7508184.054,436.29962
597528.436,7508191.849,436.54828
597527.086,7508199.715,436.81528
597525.735,7508207.581,437.23978
597524.391,7508215.448,437.53995
597523.108,7508223.325,437.93094
597521.824,7508231.202,438.29272
597520.597,7508239.086,438.75192
597519.958,7508247.042,439.22009
597519.319,7508254.997,439.51862
597518.668,7508262.951,439.90329
597517.845,7508270.890,440.24789
597517.021,7508278.828,440.65768
597516.281,7508286.770,441.11658
597516.398,7508294.750,441.49017
597516.514,7508302.730,441.83618
597516.603,7508310.710,442.09619
597516.370,7508318.688,442.46786
597516.137,7508326.666,442.73837
597515.949,7508334.643,442.94339
597516.359,7508342.613,443.19019
597516.770,7508350.584,443.60312
597517.194,7508358.553,443.93417
597517.779,7508366.513,444.33194
597518.364,7508374.472,444.57813
597518.979,7508382.429,444.87283
597519.916,7508390.355,445.21957
597520.853,7508398.280,445.54117
597521.843,7508406.198,445.73062
597523.266,7508414.051,445.89923
597524.689,7508421.905,445.99597
597526.142,7508429.752,446.14511
597527.761,7508437.567,446.16129
597529.380,7508445.382,446.10568
597531.080,7508453.177,446.10815
597533.236,7508460.862,446.11633
597535.392,7508468.546,446.11948
597537.542,7508476.232,446.13333
597539.652,7508483.929,446.10303
597541.762,7508491.626,446.07117
597543.880,7508499.321,446.07666
597546.042,7508507.003,446.07047
597548.205,7508514.686,446.08716
597550.470,7508522.336,446.07001
597553.112,7508529.867,446.04828
597555.753,7508537.398,446.03922
597558.485,7508544.895,446.05829
597561.526,7508552.273,446.06235
597564.568,7508559.652,446.04816
597567.593,7508567.038,446.03946
597570.567,7508574.444,446.02567
597573.540,7508581.850,446.02469
597576.505,7508589.260,446.04620
597579.440,7508596.682,446.03799
597582.375,7508604.103,446.00702
597585.360,7508611.505,445.93805
597588.524,7508618.832,445.85754
597591.688,7508626.159,445.71115
597594.749,7508633.526,445.56128
597597.373,7508641.063,445.45804
597599.997,7508648.600,445.32306
597602.685,7508656.114,445.21609
597605.659,7508663.520,445.14386
597608.633,7508670.926,445.03439
597611.599,7508678.336,444.87714
597614.535,7508685.757,444.66809
597617.470,7508693.179,444.27042
597620.414,7508700.597,444.02737
597623.408,7508707.995,443.79660
597626.401,7508715.394,443.58740
597629.392,7508722.793,443.46954
597632.376,7508730.195,443.46255
597635.360,7508737.597,443.61334
597638.303,7508745.015,443.69803
597641.123,7508752.481,443.69675
597643.944,7508759.947,443.55869
597646.757,7508767.416,443.42740
597649.547,7508774.893,443.25476
597652.337,7508782.371,443.05728
597655.180,7508789.828,442.90677
597658.221,7508797.207,442.80222
597661.263,7508804.585,442.75092
597664.306,7508811.963,442.77264
597667.356,7508819.338,442.91455
597670.406,7508826.714,443.07678
597673.389,7508834.115,443.20648
597676.099,7508841.622,443.12964
597678.808,7508849.129,442.93390
597681.627,7508856.592,442.69357
597684.831,7508863.902,442.80811
597688.036,7508871.211,443.01093
597691.170,7508878.550,443.19016
597694.067,7508885.986,443.48230
597696.965,7508893.422,443.85553
597699.860,7508900.860,444.36404
597702.736,7508908.305,444.83676
597705.612,7508915.749,445.19565
597708.434,7508923.214,445.64169
597711.009,7508930.768,446.09286
597713.584,7508938.322,446.46472
597716.090,7508945.899,446.95370
597718.383,7508953.543,447.38232
597720.676,7508961.187,447.70334
597722.857,7508968.860,448.19519
597724.496,7508976.671,448.84097
597726.135,7508984.482,449.80481
597727.733,7508992.301,450.58267
597728.955,7509000.188,451.04404
597730.177,7509008.074,451.81284
597731.338,7509015.968,452.24146
597731.723,7509023.939,452.73331
597732.108,7509031.911,453.37909
597732.482,7509039.883,454.15695
597732.241,7509047.860,454.61832
597732.000,7509055.838,455.38712